     0.00000000  0.240629306063E-04
     0.06835938  0.237111344177E-04
     0.13671875  0.246516865445E-04
     0.20507812  0.242993355641E-04
     0.27343750  0.252693243965E-04
     0.34179688  0.249001404882E-04
     0.41015625  0.258682302956E-04
     0.47851562  0.254722472164E-04
     0.54687500  0.264497393800E-04
     0.61523438  0.260249962594E-04
     0.68359375  0.270239488600E-04
     0.75195312  0.265827075054E-04
     0.82031250  0.275860402326E-04
     0.88867188  0.271189837804E-04
     0.95703125  0.281497541437E-04
     1.02539062  0.276865775959E-04
     1.09375000  0.287578604912E-04
     1.16210938  0.282850633084E-04
     1.23046875  0.293777920888E-04
     1.29882812  0.288819956040E-04
     1.36718750  0.299900366372E-04
     1.43554688  0.294745786960E-04
     1.50390625  0.306061592710E-04
     1.57226562  0.300646534015E-04
     1.64062500  0.312066476909E-04
     1.70898438  0.306373876811E-04
     1.77734375  0.317991980410E-04
     1.84570312  0.312080665026E-04
     1.91406250  0.323992790072E-04
     1.98242188  0.317829362757E-04
     2.05078125  0.330030561599E-04
     2.11914062  0.323856947944E-04
     2.18750000  0.336410266755E-04
     2.25585938  0.329995127686E-04
     2.32421875  0.342878302035E-04
     2.39257812  0.336319644703E-04
     2.46093750  0.349458023265E-04
     2.52929688  0.342332459695E-04
     2.59765625  0.355503725586E-04
     2.66601562  0.348123066942E-04
     2.73437500  0.361676684406E-04
     2.80273438  0.354118383257E-04
     2.87109375  0.367993416148E-04
     2.93945312  0.360152043868E-04
     3.00781250  0.374632036255E-04
     3.07617188  0.366568565369E-04
     3.14453125  0.381115205528E-04
     3.21289062  0.372645990865E-04
     3.28125000  0.387639847759E-04
     3.34960938  0.378943150281E-04
     3.41796875  0.394341041101E-04
     3.48632812  0.385317434848E-04
     3.55468750  0.401114666602E-04
     3.62304688  0.391670801037E-04
     3.69140625  0.407875995734E-04
     3.75976562  0.398109441448E-04
     3.82812500  0.414665992139E-04
     3.89648438  0.404473030358E-04
     3.96484375  0.421656368417E-04
     4.03320312  0.411098444602E-04
     4.10156250  0.428569001087E-04
     4.16992188  0.417624396505E-04
     4.23828125  0.435710389866E-04
     4.30664062  0.424282188760E-04
     4.37500000  0.442778255092E-04
     4.44335938  0.430876170867E-04
     4.51171875  0.450110237580E-04
     4.58007812  0.437956041424E-04
     4.64843750  0.457535643363E-04
     4.71679688  0.444443467131E-04
     4.78515625  0.464631048089E-04
     4.85351562  0.451191699540E-04
     4.92187500  0.472235988127E-04
     4.99023438  0.458424074168E-04
     5.05859375  0.480351300212E-04
     5.12695312  0.465906268801E-04
     5.19531250  0.488335354021E-04
     5.26367188  0.473213185614E-04
     5.33203125  0.496556822327E-04
     5.40039062  0.480865492136E-04
     5.46875000  0.505123825860E-04
     5.53710938  0.488529767608E-04
     5.60546875  0.513372979185E-04
     5.67382812  0.495989988849E-04
     5.74218750  0.522175869264E-04
     5.81054688  0.504361232743E-04
     5.87890625  0.531805344508E-04
     5.94726562  0.513227314514E-04
     6.01562500  0.541920671822E-04
     6.08398438  0.522483678651E-04
     6.15234375  0.552576057089E-04
     6.22070312  0.532377962372E-04
     6.28906250  0.564013680560E-04
     6.35742188  0.542734087503E-04
     6.42578125  0.575957819819E-04
     6.49414062  0.553621612198E-04
     6.56250000  0.588835537201E-04
     6.63085938  0.565700684092E-04
     6.69921875  0.603208682151E-04
     6.76757812  0.579050392844E-04
     6.83593750  0.619317361270E-04
     6.90429688  0.594569792156E-04
     6.97265625  0.638269557385E-04
     7.04101562  0.612885705777E-04
     7.10937500  0.660395890009E-04
     7.17773438  0.634369425825E-04
     7.24609375  0.686909988872E-04
     7.31445312  0.661215526634E-04
     7.38281250  0.720058887964E-04
     7.45117188  0.695274429745E-04
     7.51953125  0.762574345572E-04
     7.58789062  0.740328832762E-04
     7.65625000  0.819377164589E-04
     7.72460938  0.802062641014E-04
     7.79296875  0.895564226084E-04
     7.86132812  0.880769875948E-04
     7.92968750  0.977755044005E-04
     7.99804688  0.920712482184E-04
     8.06640625  0.892380121513E-04
     8.13476562  0.439438263129E-04
     8.20312500 -0.636041149846E-04
     8.27148438 -0.385065097362E-03
     8.33984375 -0.119190686382E-02
     8.40820312 -0.324109476060E-02
     8.47656250 -0.807670969516E-02
     8.54492188 -0.183694157749E-01
     8.61328125 -0.353356339037E-01
     8.68164062 -0.509564168751E-01
     8.75000000 -0.502363070846E-01
     8.81835938 -0.355098880827E-01
     8.88671875 -0.213746447116E-01
     8.95507812 -0.131215099245E-01
     9.02343750 -0.927561987191E-02
     9.09179688 -0.783301610500E-02
     9.16015625 -0.784754008055E-02
     9.22851562 -0.882256869227E-02
     9.29687500 -0.973507203162E-02
     9.36523438 -0.932004954666E-02
     9.43359375 -0.868890900165E-02
     9.50195312 -0.104710124433E-01
     9.57031250 -0.157902427018E-01
     9.63867188 -0.225657820702E-01
     9.70703125 -0.245674476027E-01
     9.77539062 -0.150913223624E-01
     9.84375000  0.513997953385E-02
     9.91210938  0.215490572155E-01
     9.98046875  0.232366025448E-01
    10.04882812  0.167313944548E-01
    10.11718750  0.101838167757E-01
    10.18554688  0.592397572473E-02
    10.25390625  0.340542220511E-02
    10.32226562  0.176999939140E-02
    10.39062500  0.441714044427E-03
    10.45898438 -0.785065873060E-03
    10.52734375 -0.166537775658E-02
    10.59570312 -0.160627532750E-02
    10.66406250 -0.115821778309E-02
    10.73242188 -0.168306916021E-02
    10.80078125 -0.379417836666E-02
    10.86914062 -0.715151755139E-02
    10.93750000 -0.105712013319E-01
    11.00585938 -0.126443179324E-01
    11.07421875 -0.128303095698E-01
    11.14257812 -0.107604479417E-01
    11.21093750 -0.542918592691E-02
    11.27929688  0.372571335174E-02
    11.34765625  0.120250545442E-01
    11.41601562  0.137805445120E-01
    11.48437500  0.109383342788E-01
    11.55273438  0.741674099118E-02
    11.62109375  0.409457087517E-02
    11.68945312  0.815114326542E-04
    11.75781250 -0.538592273369E-02
    11.82617188 -0.107801342383E-01
    11.89453125 -0.123049030080E-01
    11.96289062 -0.919522065669E-02
    12.03125000 -0.455682445318E-02
    12.09960938 -0.600585190114E-03
    12.16796875  0.229028961621E-02
    12.23632812  0.429850304499E-02
    12.30468750  0.570684531704E-02
    12.37304688  0.677179964259E-02
    12.44140625  0.758291082457E-02
    12.50976562  0.810532923788E-02
    12.57812500  0.833689421415E-02
    12.64648438  0.842283386737E-02
    12.71484375  0.860486365855E-02
    12.78320312  0.904697179794E-02
    12.85156250  0.989824254066E-02
    12.91992188  0.111439572647E-01
    12.98828125  0.121390670538E-01
    13.05664062  0.118667753413E-01
    13.12500000  0.108146872371E-01
    13.19335938  0.105917602777E-01
    13.26171875  0.116276079789E-01
    13.33007812  0.126424059272E-01
    13.39843750  0.126274237409E-01
    13.46679688  0.120346825570E-01
    13.53515625  0.115445759147E-01
    13.60351562  0.111676603556E-01
    13.67187500  0.105621051043E-01
    13.74023438  0.881455745548E-02
    13.80859375  0.456737121567E-02
    13.87695312 -0.238255062141E-02
    13.94531250 -0.857067108154E-02
    14.01367188 -0.111182909459E-01
    14.08203125 -0.115172918886E-01
    14.15039062 -0.117977820337E-01
    14.21875000 -0.126124219969E-01
    14.28710938 -0.142377000302E-01
    14.35546875 -0.166624672711E-01
    14.42382812 -0.198542326689E-01
    14.49218750 -0.237221382558E-01
    14.56054688 -0.279677752405E-01
    14.62890625 -0.322474017739E-01
    14.69726562 -0.353191308677E-01
    14.76562500 -0.318299308419E-01
    14.83398438 -0.128120956942E-01
    14.90234375  0.203190986067E-01
    14.97070312  0.405359901488E-01
    15.03906250  0.321448631585E-01
    15.10742188  0.120442109182E-01
    15.17578125 -0.533028412610E-02
    15.24414062 -0.180220324546E-01
    15.31250000 -0.275545772165E-01
    15.38085938 -0.321459062397E-01
    15.44921875 -0.305130500346E-01
    15.51757812 -0.272486116737E-01
    15.58593750 -0.261369682848E-01
    15.65429688 -0.266154799610E-01
    15.72265625 -0.276419352740E-01
    15.79101562 -0.284288562834E-01
    15.85937500 -0.273991636932E-01
    15.92773438 -0.226393993944E-01
    15.99609375 -0.162022579461E-01
    16.06445312 -0.114128543064E-01
    16.13281250 -0.772318569943E-02
    16.20117188 -0.350395892747E-02
    16.26953125  0.181612931192E-02
    16.33789062  0.826962757856E-02
    16.40625000  0.140518471599E-01
    16.47460938  0.122937392443E-01
    16.54296875 -0.106713604182E-01
    16.61132812 -0.611755847931E-01
    16.67968750 -0.117443740368E+00
    16.74804688 -0.137756496668E+00
    16.81640625 -0.903485044837E-01
    16.88476562  0.202888008207E-01
    16.95312500  0.128350734711E+00
    17.02148438  0.157426714897E+00
    17.08984375  0.123723648489E+00
    17.15820312  0.820983797312E-01
    17.22656250  0.530735962093E-01
    17.29492188  0.365357398987E-01
    17.36328125  0.275887381285E-01
    17.43164062  0.225876998156E-01
    17.50000000  0.195384211838E-01
    17.56835938  0.179642420262E-01
    17.63671875  0.173661652952E-01
    17.70507812  0.172589495778E-01
    17.77343750  0.173018388450E-01
    17.84179688  0.175076499581E-01
    17.91015625  0.177937150002E-01
    17.97851562  0.183614417911E-01
    18.04687500  0.190561618656E-01
    18.11523438  0.189349856228E-01
    18.18359375  0.177106689662E-01
    18.25195312  0.163314398378E-01
    18.32031250  0.156845264137E-01
    18.38867188  0.157413333654E-01
    18.45703125  0.159196369350E-01
    18.52539062  0.162699371576E-01
    18.59375000  0.170340575278E-01
    18.66210938  0.182327758521E-01
    18.73046875  0.182678252459E-01
    18.79882812  0.141872996464E-01
    18.86718750  0.749281421304E-02
    18.93554688  0.407883152366E-02
    19.00390625  0.449541956186E-02
    19.07226562  0.610341504216E-02
    19.14062500  0.752281118184E-02
    19.20898438  0.855265744030E-02
    19.27734375  0.918467435986E-02
    19.34570312  0.959601346403E-02
    19.41406250  0.993708893657E-02
    19.48242188  0.101871341467E-01
    19.55078125  0.993106234819E-02
    19.61914062  0.939116720110E-02
    19.68750000  0.917515344918E-02
    19.75585938  0.941898394376E-02
    19.82421875  0.994401238859E-02
    19.89257812  0.109919123352E-01
    19.96093750  0.129776038229E-01
    20.02929688  0.161810182035E-01
    20.09765625  0.198385044932E-01
    20.16601562  0.212270859629E-01
    20.23437500  0.172710772604E-01
    20.30273438  0.106336502358E-01
    20.37109375  0.611757719889E-02
    20.43945312  0.431956909597E-02
    20.50781250  0.387086509727E-02
    20.57617188  0.389387225732E-02
    20.64453125  0.399871077389E-02
    20.71289062  0.400933856145E-02
    20.78125000  0.382125051692E-02
    20.84960938  0.354228517972E-02
    20.91796875  0.320074078627E-02
    20.98632812  0.276181404479E-02
    21.05468750  0.186115724500E-02
    21.12304688 -0.539904227480E-03
    21.19140625 -0.515429396182E-02
    21.25976562 -0.877739768475E-02
    21.32812500 -0.807153619826E-02
    21.39648438 -0.525252753869E-02
    21.46484375 -0.319756614044E-02
    21.53320312 -0.225961906835E-02
    21.60156250 -0.199391576461E-02
    21.66992188 -0.209657382220E-02
    21.73828125 -0.253954227082E-02
    21.80664062 -0.329726259224E-02
    21.87500000 -0.432921526954E-02
    21.94335938 -0.514845550060E-02
    22.01171875 -0.513946637511E-02
    22.08007812 -0.455585820600E-02
    22.14843750 -0.421400321648E-02
    22.21679688 -0.425317231566E-02
    22.28515625 -0.461603933945E-02
    22.35351562 -0.524873565882E-02
    22.42187500 -0.620461674407E-02
    22.49023438 -0.746785476804E-02
    22.55859375 -0.924314651638E-02
    22.62695312 -0.118484860286E-01
    22.69531250 -0.161339621991E-01
    22.76367188 -0.230123586953E-01
    22.83203125 -0.307987220585E-01
    22.90039062 -0.309706758708E-01
    22.96875000 -0.210030619055E-01
    23.03710938 -0.109310494736E-01
    23.10546875 -0.601680390537E-02
    23.17382812 -0.468949787319E-02
    23.24218750 -0.482732104138E-02
    23.31054688 -0.553799141198E-02
    23.37890625 -0.630612578243E-02
    23.44726562 -0.644163275138E-02
    23.51562500 -0.594288436696E-02
    23.58398438 -0.537724932656E-02
    23.65234375 -0.499806692824E-02
    23.72070312 -0.476455735043E-02
    23.78906250 -0.457617361099E-02
    23.85742188 -0.436974596232E-02
    23.92578125 -0.412136921659E-02
    23.99414062 -0.387648330070E-02
    24.06250000 -0.370090454817E-02
    24.13085938 -0.354953203350E-02
    24.19921875 -0.338914291933E-02
    24.26757812 -0.327666173689E-02
    24.33593750 -0.329101691023E-02
    24.40429688 -0.341581366956E-02
    24.47265625 -0.360492360778E-02
    24.54101562 -0.383490859531E-02
    24.60937500 -0.409214105457E-02
    24.67773438 -0.430836016312E-02
    24.74609375 -0.444429647177E-02
    24.81445312 -0.451569119468E-02
    24.88281250 -0.454622320831E-02
    24.95117188 -0.450722780079E-02
    25.01953125 -0.438157701865E-02
    25.08789062 -0.426746485755E-02
    25.15625000 -0.421863421798E-02
    25.22460938 -0.404161401093E-02
    25.29296875 -0.375452707522E-02
    25.36132812 -0.356103037484E-02
    25.42968750 -0.356577127241E-02
    25.49804688 -0.380721874535E-02
    25.56640625 -0.422022398561E-02
    25.63476562 -0.454046763480E-02
    25.70312500 -0.470193568617E-02
    25.77148438 -0.479974970222E-02
    25.83984375 -0.488989334553E-02
    25.90820312 -0.495878932998E-02
    25.97656250 -0.501175317913E-02
    26.04492188 -0.504750199616E-02
    26.11328125 -0.507664075121E-02
    26.18164062 -0.509799877182E-02
    26.25000000 -0.513012940064E-02
    26.31835938 -0.516439275816E-02
    26.38671875 -0.519756134599E-02
    26.45507812 -0.522569380701E-02
    26.52343750 -0.526039209217E-02
    26.59179688 -0.524029927328E-02
    26.66015625 -0.509089324623E-02
    26.72851562 -0.482754036784E-02
    26.79687500 -0.456067733467E-02
    26.86523438 -0.428276276216E-02
    26.93359375 -0.388286379166E-02
    27.00195312 -0.333144003525E-02
    27.07031250 -0.286329607479E-02
    27.13867188 -0.263579399325E-02
    27.20703125 -0.257833744399E-02
    27.27539062 -0.256280391477E-02
    27.34375000 -0.254190783016E-02
    27.41210938 -0.249234889634E-02
    27.48046875 -0.242403149605E-02
    27.54882812 -0.233373185620E-02
    27.61718750 -0.223666056991E-02
    27.68554688 -0.213705282658E-02
    27.75390625 -0.204080226831E-02
    27.82226562 -0.192378635984E-02
    27.89062500 -0.179293635301E-02
    27.95898438 -0.167565885931E-02
    28.02734375 -0.163752690423E-02
    28.09570312 -0.168855278753E-02
    28.16406250 -0.173177581746E-02
    28.23242188 -0.162232585717E-02
    28.30078125 -0.141872558743E-02
    28.36914062 -0.123145885300E-02
    28.43750000 -0.111079332419E-02
    28.50585938 -0.104295625351E-02
    28.57421875 -0.102815474384E-02
    28.64257812 -0.103328668047E-02
    28.71093750 -0.100789230783E-02
    28.77929688 -0.925001979340E-03
    28.84765625 -0.826837436762E-03
    28.91601562 -0.723469362129E-03
    28.98437500 -0.628403329756E-03
    29.05273438 -0.528600765392E-03
    29.12109375 -0.423763587605E-03
    29.18945312 -0.296626181807E-03
    29.25781250 -0.159603354405E-03
    29.32617188 -0.228156222875E-04
    29.39453125  0.895184493857E-04
    29.46289062  0.196327629965E-03
    29.53125000  0.298290047795E-03
    29.59960938  0.396229268517E-03
    29.66796875  0.474084750749E-03
    29.73632812  0.546125229448E-03
    29.80468750  0.616334378719E-03
    29.87304688  0.697604147717E-03
    29.94140625  0.773780106101E-03
    30.00976562  0.860443164129E-03
    30.07812500  0.950117944740E-03
    30.14648438  0.104456394911E-02
    30.21484375  0.113171362318E-02
    30.28320312  0.121040327940E-02
    30.35156250  0.126063928474E-02
    30.41992188  0.130000559147E-02
    30.48828125  0.133204110898E-02
    30.55664062  0.136280816514E-02
    30.62500000  0.137679243926E-02
    30.69335938  0.138913199771E-02
    30.76171875  0.139771075919E-02
    30.83007812  0.140668463428E-02
    30.89843750  0.139870692510E-02
    30.96679688  0.138045044150E-02
    31.03515625  0.134377041832E-02
    31.10351562  0.129882292822E-02
    31.17187500  0.124024774414E-02
    31.24023438  0.118793593720E-02
    31.30859375  0.115138106048E-02
    31.37695312  0.115567329340E-02
    31.44531250  0.117773294915E-02
    31.51367188  0.120613712352E-02
    31.58203125  0.122637324966E-02
    31.65039062  0.124714977574E-02
    31.71875000  0.126132671721E-02
    31.78710938  0.127825827803E-02
    31.85546875  0.127986515872E-02
    31.92382812  0.127020326909E-02
    31.99218750  0.124941486865E-02
    32.06054688  0.123393174727E-02
    32.12890625  0.121274846606E-02
    32.19726562  0.119092920795E-02
    32.26562500  0.115664117038E-02
    32.33398438  0.112291518599E-02
    32.40234375  0.108942994848E-02
    32.47070312  0.105917290784E-02
    32.53906250  0.100853655022E-02
    32.60742188  0.957591633778E-03
    32.67578125  0.914791133255E-03
    32.74414062  0.888296461198E-03
    32.81250000  0.860920117702E-03
    32.88085938  0.841533008497E-03
    32.94921875  0.821146182716E-03
    33.01757812  0.797558284830E-03
    33.08593750  0.757364090532E-03
    33.15429688  0.721613992937E-03
    33.22265625  0.689865089953E-03
    33.29101562  0.671100686304E-03
    33.35937500  0.645899097435E-03
    33.42773438  0.610525137745E-03
    33.49609375  0.561104330700E-03
    33.56445312  0.522654037923E-03
    33.63281250  0.487543526106E-03
    33.70117188  0.456295354525E-03
    33.76953125  0.416712398874E-03
    33.83789062  0.382350350264E-03
    33.90625000  0.344811938703E-03
    33.97460938  0.312839372782E-03
    34.04296875  0.278731400613E-03
    34.11132812  0.254556129221E-03
    34.17968750  0.228144359426E-03
    34.24804688  0.206951022847E-03
    34.31640625  0.185165758012E-03
    34.38476562  0.178372574737E-03
    34.45312500  0.184276315849E-03
    34.52148438  0.211067948840E-03
    34.58984375  0.222419068450E-03
    34.65820312  0.204265365028E-03
    34.72656250  0.168767990544E-03
    34.79492188  0.147687373101E-03
    34.86328125  0.130621425342E-03
    34.93164062  0.120792719827E-03
    35.00000000  0.105635539512E-03
    35.06835938  0.952796399361E-04
    35.13671875  0.837171173771E-04
    35.20507812  0.842355875648E-04
    35.27343750  0.856353435665E-04
    35.34179688  0.818865664769E-04
    35.41015625  0.544650829397E-04
    35.47851562  0.255030863627E-04
    35.54687500 -0.345120633938E-05
    35.61523438 -0.221931568376E-04
    35.68359375 -0.433502318629E-04
    35.75195312 -0.583038163313E-04
    35.82031250 -0.760576440371E-04
    35.88867188 -0.880546285771E-04
    35.95703125 -0.106340521597E-03
    36.02539062 -0.123116988107E-03
    36.09375000 -0.147123340867E-03
    36.16210938 -0.164125114679E-03
    36.23046875 -0.181848809007E-03
    36.29882812 -0.195497734239E-03
    36.36718750 -0.217877226532E-03
    36.43554688 -0.237402971834E-03
    36.50390625 -0.260638335021E-03
    36.57226562 -0.276209262665E-03
    36.64062500 -0.296016776701E-03
    36.70898438 -0.315621698974E-03
    36.77734375 -0.343786523445E-03
    36.84570312 -0.367852451745E-03
    36.91406250 -0.396922929212E-03
    36.98242188 -0.422450015321E-03
    37.05078125 -0.455183122540E-03
    37.11914062 -0.482489704154E-03
    37.18750000 -0.507875403855E-03
    37.25585938 -0.522706599440E-03
    37.32421875 -0.542800291441E-03
    37.39257812 -0.561477500014E-03
    37.46093750 -0.586403359193E-03
    37.52929688 -0.605624227319E-03
    37.59765625 -0.628793146461E-03
    37.66601562 -0.645599386189E-03
    37.73437500 -0.665662519168E-03
    37.80273438 -0.680488999933E-03
    37.87109375 -0.699526397511E-03
    37.93945312 -0.712765788194E-03
    38.00781250 -0.731611216906E-03
    38.07617188 -0.749261816964E-03
    38.14453125 -0.778222864028E-03
    38.21289062 -0.808937416878E-03
    38.28125000 -0.841832777951E-03
    38.34960938 -0.855216232594E-03
    38.41796875 -0.863639288582E-03
    38.48632812 -0.867354858201E-03
    38.55468750 -0.878490216564E-03
    38.62304688 -0.886651338078E-03
    38.69140625 -0.900587765500E-03
    38.75976562 -0.909420195967E-03
    38.82812500 -0.922034203541E-03
    38.89648438 -0.928472552914E-03
    38.96484375 -0.938659999520E-03
    39.03320312 -0.942235870752E-03
    39.10156250 -0.948298082221E-03
    39.16992188 -0.949292094447E-03
    39.23828125 -0.957503973041E-03
    39.30664062 -0.960690202191E-03
    39.37500000 -0.966598396190E-03
    39.44335938 -0.966420629993E-03
    39.51171875 -0.969221815467E-03
    39.58007812 -0.963480037171E-03
    39.64843750 -0.962660007644E-03
    39.71679688 -0.961297191679E-03
    39.78515625 -0.966516789049E-03
    39.85351562 -0.964785111137E-03
    39.92187500 -0.966118299402E-03
    39.99023438 -0.962480437011E-03
    40.05859375 -0.964709266555E-03
    40.12695312 -0.962065008935E-03
    40.19531250 -0.964021252003E-03
    40.26367188 -0.959969242103E-03
    40.33203125 -0.958257063758E-03
    40.40039062 -0.949760316871E-03
    40.46875000 -0.946416228544E-03
    40.53710938 -0.938437646255E-03
    40.60546875 -0.935419346206E-03
    40.67382812 -0.927743967623E-03
    40.74218750 -0.925908854697E-03
    40.81054688 -0.919553334825E-03
    40.87890625 -0.917997967917E-03
    40.94726562 -0.910895061679E-03
    41.01562500 -0.907610810827E-03
    41.08398438 -0.896783836652E-03
    41.15234375 -0.885292829480E-03
    41.22070312 -0.861335080117E-03
    41.28906250 -0.846296956297E-03
    41.35742188 -0.840132939629E-03
    41.42578125 -0.844892812893E-03
    41.49414062 -0.842758221552E-03
    41.56250000 -0.842752051540E-03
    41.63085938 -0.835167767946E-03
    41.69921875 -0.830476055853E-03
    41.76757812 -0.819036038592E-03
    41.83593750 -0.811454840004E-03
    41.90429688 -0.798380118795E-03
    41.97265625 -0.790435820818E-03
    42.04101562 -0.778818444815E-03
    42.10937500 -0.775385356974E-03
    42.17773438 -0.768677215092E-03
    42.24609375 -0.765404955018E-03
    42.31445312 -0.755456567276E-03
    42.38281250 -0.750643957872E-03
    42.45117188 -0.740823976230E-03
    42.51953125 -0.736199668609E-03
    42.58789062 -0.727190461475E-03
    42.65625000 -0.724357960280E-03
    42.72460938 -0.717295217328E-03
    42.79296875 -0.716219365131E-03
    42.86132812 -0.710473454092E-03
    42.92968750 -0.708517676685E-03
    42.99804688 -0.699436524883E-03
    43.06640625 -0.694330723491E-03
    43.13476562 -0.683500431478E-03
    43.20312500 -0.677939970046E-03
    43.27148438 -0.668833323289E-03
    43.33984375 -0.666300533339E-03
    43.40820312 -0.658775155898E-03
    43.47656250 -0.655902258586E-03
    43.54492188 -0.647550274152E-03
    43.61328125 -0.644501997158E-03
    43.68164062 -0.636942859273E-03
    43.75000000 -0.634877069388E-03
    43.81835938 -0.627090048511E-03
    43.88671875 -0.623929256108E-03
    43.95507812 -0.615846714936E-03
    44.02343750 -0.613289885223E-03
    44.09179688 -0.605456472840E-03
    44.16015625 -0.604039407335E-03
    44.22851562 -0.600566505454E-03
    44.29687500 -0.602709711529E-03
    44.36523438 -0.595459423494E-03
    44.43359375 -0.590346578974E-03
    44.50195312 -0.579720828682E-03
    44.57031250 -0.574786856305E-03
    44.63867188 -0.565809896216E-03
    44.70703125 -0.563564535696E-03
    44.77539062 -0.556991086341E-03
    44.84375000 -0.555840553716E-03
    44.91210938 -0.549090560526E-03
    44.98046875 -0.547500269022E-03
    45.04882812 -0.540893815923E-03
    45.11718750 -0.539646600373E-03
    45.18554688 -0.532929087058E-03
    45.25390625 -0.531095254701E-03
    45.32226562 -0.523777271155E-03
    45.39062500 -0.521825102624E-03
    45.45898438 -0.514597573783E-03
    45.52734375 -0.512531667482E-03
    45.59570312 -0.504833937157E-03
    45.66406250 -0.501616101246E-03
    45.73242188 -0.492263177875E-03
    45.80078125 -0.488632183988E-03
    45.86914062 -0.480983668240E-03
    45.93750000 -0.479423702927E-03
    46.00585938 -0.473069289001E-03
    46.07421875 -0.472923653433E-03
    46.14257812 -0.468134239782E-03
    46.21093750 -0.467708101496E-03
    46.27929688 -0.460423761979E-03
    46.34765625 -0.458495225757E-03
    46.41601562 -0.452149892226E-03
    46.48437500 -0.451547035482E-03
    46.55273438 -0.444856123067E-03
    46.62109375 -0.442949327407E-03
    46.68945312 -0.436105736298E-03
    46.75781250 -0.435417401604E-03
    46.82617188 -0.429678126238E-03
    46.89453125 -0.429194013122E-03
    46.96289062 -0.423039775342E-03
    47.03125000 -0.422327895649E-03
    47.09960938 -0.416658527683E-03
    47.16796875 -0.416890281485E-03
    47.23632812 -0.411785818869E-03
    47.30468750 -0.412005378166E-03
    47.37304688 -0.406753359130E-03
    47.44140625 -0.406941166148E-03
    47.50976562 -0.401732220780E-03
    47.57812500 -0.401998549933E-03
    47.64648438 -0.396976887714E-03
    47.71484375 -0.397544179577E-03
    47.78320312 -0.392568792449E-03
    47.85156250 -0.393065129174E-03
    47.91992188 -0.388530577766E-03
    47.98828125 -0.389911583625E-03
    48.05664062 -0.385862338590E-03
    48.12500000 -0.387324485928E-03
    48.19335938 -0.383367092581E-03
    48.26171875 -0.384985702112E-03
    48.33007812 -0.381269666832E-03
    48.39843750 -0.383192906156E-03
    48.46679688 -0.379746023100E-03
    48.53515625 -0.382404279662E-03
    48.60351562 -0.380598183256E-03
    48.67187500 -0.385070015909E-03
    48.74023438 -0.383252452593E-03
    48.80859375 -0.386017753044E-03
    48.87695312 -0.383244885597E-03
    48.94531250 -0.386383937439E-03
    49.01367188 -0.384063605452E-03
    49.08203125 -0.387069565477E-03
    49.15039062 -0.384311395464E-03
    49.21875000 -0.387641543057E-03
    49.28710938 -0.385967985494E-03
    49.35546875 -0.389825319871E-03
    49.42382812 -0.387964420952E-03
    49.49218750 -0.392300018575E-03
    49.56054688 -0.391724141082E-03
    49.62890625 -0.396659947000E-03
    49.69726562 -0.395590526750E-03
    49.76562500 -0.400127464673E-03
    49.83398438 -0.399531738367E-03
    49.90234375 -0.404937105486E-03
    49.97070312 -0.404298392823E-03
    50.03906250 -0.408591789892E-03
    50.10742188 -0.407078186981E-03
    50.17578125 -0.411472166888E-03
    50.24414062 -0.410196284065E-03
    50.31250000 -0.414117879700E-03
    50.38085938 -0.411744345911E-03
    50.44921875 -0.415331276599E-03
    50.51757812 -0.414267764427E-03
    50.58593750 -0.419548829086E-03
    50.65429688 -0.419438787503E-03
    50.72265625 -0.425155245466E-03
    50.79101562 -0.424801255576E-03
    50.85937500 -0.429612846347E-03
    50.92773438 -0.428527768236E-03
    50.99609375 -0.433303299360E-03
    51.06445312 -0.432361906860E-03
    51.13281250 -0.437210022938E-03
    51.20117188 -0.436597969383E-03
    51.26953125 -0.441800133558E-03
    51.33789062 -0.441002601292E-03
    51.40625000 -0.445740122814E-03
    51.47460938 -0.444148317911E-03
    51.54296875 -0.447399477707E-03
    51.61132812 -0.444369419711E-03
    51.67968750 -0.448154343758E-03
    51.74804688 -0.447280821390E-03
    51.81640625 -0.452314619906E-03
    51.88476562 -0.451195548521E-03
    51.95312500 -0.455557863461E-03
    52.02148438 -0.453895510873E-03
    52.08984375 -0.458119757241E-03
    52.15820312 -0.456758862128E-03
    52.22656250 -0.461536110379E-03
    52.29492188 -0.460709852632E-03
    52.36328125 -0.465942488518E-03
    52.43164062 -0.464996119263E-03
    52.50000000 -0.469113118015E-03
    52.56835938 -0.467040954391E-03
    52.63671875 -0.471138628200E-03
    52.70507812 -0.469678721856E-03
    52.77343750 -0.474373111501E-03
    52.84179688 -0.473532330943E-03
    52.91015625 -0.478445144836E-03
    52.97851562 -0.476616260130E-03
    53.04687500 -0.480320391944E-03
    53.11523438 -0.478159461636E-03
    53.18359375 -0.482046918478E-03
    53.25195312 -0.480147311464E-03
    53.32031250 -0.484424963361E-03
    53.38867188 -0.482950767037E-03
    53.45703125 -0.487472716486E-03
    53.52539062 -0.485759897856E-03
    53.59375000 -0.489715603180E-03
    53.66210938 -0.487535726279E-03
    53.73046875 -0.491467537358E-03
    53.79882812 -0.489627418574E-03
    53.86718750 -0.493853236549E-03
    53.93554688 -0.491959159262E-03
    54.00390625 -0.495904416312E-03
    54.07226562 -0.493646541145E-03
    54.14062500 -0.497303146403E-03
    54.20898438 -0.494954409078E-03
    54.27734375 -0.498781038914E-03
    54.34570312 -0.496842083521E-03
    54.41406250 -0.501671340317E-03
    54.48242188 -0.501500733662E-03
    54.55078125 -0.507594668306E-03
    54.61914062 -0.505886622705E-03
    54.68750000 -0.508783210535E-03
    54.75585938 -0.505597214215E-03
    54.82421875 -0.508938857820E-03
    54.89257812 -0.506496173330E-03
    54.96093750 -0.510344689246E-03
    55.02929688 -0.508079247084E-03
    55.09765625 -0.512010476086E-03
    55.16601562 -0.509856559802E-03
    55.23437500 -0.513740116730E-03
    55.30273438 -0.511212798301E-03
    55.37109375 -0.514753686730E-03
    55.43945312 -0.512475846335E-03
    55.50781250 -0.516632164363E-03
    55.57617188 -0.514496758115E-03
    55.64453125 -0.518296554219E-03
    55.71289062 -0.515823601745E-03
    55.78125000 -0.519538298249E-03
    55.84960938 -0.517000793479E-03
    55.91796875 -0.520737259649E-03
    55.98632812 -0.518329674378E-03
    56.05468750 -0.522060552612E-03
    56.12304688 -0.519326538779E-03
    56.19140625 -0.522544723935E-03
    56.25976562 -0.519259949215E-03
    56.32812500 -0.522293848917E-03
    56.39648438 -0.519437831827E-03
    56.46484375 -0.523146940395E-03
    56.53320312 -0.520708737895E-03
    56.60156250 -0.524522678461E-03
    56.66992188 -0.521841808222E-03
    56.73828125 -0.525309646036E-03
    56.80664062 -0.522429298144E-03
    56.87500000 -0.525842828210E-03
    56.94335938 -0.522967835423E-03
    57.01171875 -0.526544114109E-03
    57.08007812 -0.523829716258E-03
    57.14843750 -0.527285097633E-03
    57.21679688 -0.524198228959E-03
    57.28515625 -0.527294178028E-03
    57.35351562 -0.523774011526E-03
    57.42187500 -0.526286894456E-03
    57.49023438 -0.522106012795E-03
    57.55859375 -0.524744449649E-03
    57.62695312 -0.521709967870E-03
    57.69531250 -0.525161856785E-03
    57.76367188 -0.521946931258E-03
    57.83203125 -0.524979201145E-03
    57.90039062 -0.521694426425E-03
    57.96875000 -0.525015057065E-03
    58.03710938 -0.521850830410E-03
    58.10546875 -0.524961156771E-03
    58.17382812 -0.521474634297E-03
    58.24218750 -0.524306087755E-03
    58.31054688 -0.520605884958E-03
    58.37890625 -0.523435417563E-03
    58.44726562 -0.519933819305E-03
    58.51562500 -0.522972666658E-03
    58.58398438 -0.519415712915E-03
    58.65234375 -0.522318820003E-03
    58.72070312 -0.518663786352E-03
    58.78906250 -0.521474285051E-03
    58.85742188 -0.517706910614E-03
    58.92578125 -0.520447210874E-03
    58.99414062 -0.516661792062E-03
    59.06250000 -0.519495515618E-03
    59.13085938 -0.515883672051E-03
    59.19921875 -0.518977991305E-03
    59.26757812 -0.515461433679E-03
    59.33593750 -0.518271408509E-03
    59.40429688 -0.514280574862E-03
    59.47265625 -0.516750675160E-03
    59.54101562 -0.512759201229E-03
    59.60937500 -0.515701656695E-03
    59.67773438 -0.512104190420E-03
    59.74609375 -0.515085062943E-03
    59.81445312 -0.511383695994E-03
    59.88281250 -0.514218816534E-03
    59.95117188 -0.510254350957E-03
    60.01953125 -0.512995116878E-03
    60.08789062 -0.509160861839E-03
    60.15625000 -0.512053607963E-03
    60.22460938 -0.508298806380E-03
    60.29296875 -0.511231541168E-03
    60.36132812 -0.507272023242E-03
    60.42968750 -0.509874837007E-03
    60.49804688 -0.505858333781E-03
    60.56640625 -0.508871336933E-03
    60.63476562 -0.505360076204E-03
    60.70312500 -0.508642347995E-03
    60.77148438 -0.505033938680E-03
    60.83984375 -0.508013006765E-03
    60.90820312 -0.504149531480E-03
    60.97656250 -0.507106655277E-03
    61.04492188 -0.503361516166E-03
    61.11328125 -0.506451353431E-03
    61.18164062 -0.502731476445E-03
    61.25000000 -0.505815900397E-03
    61.31835938 -0.502126640640E-03
    61.38671875 -0.505240750499E-03
    61.45507812 -0.501488044392E-03
    61.52343750 -0.504587078467E-03
    61.59179688 -0.500836176798E-03
    61.66015625 -0.503967807163E-03
    61.72851562 -0.500235997606E-03
    61.79687500 -0.503369083162E-03
    61.86523438 -0.499601825140E-03
    61.93359375 -0.502710463479E-03
    62.00195312 -0.498866895214E-03
    62.07031250 -0.501798465848E-03
    62.13867188 -0.497738423292E-03
    62.20703125 -0.500724127050E-03
    62.27539062 -0.496892142110E-03
    62.34375000 -0.500097463373E-03
    62.41210938 -0.496438646223E-03
    62.48046875 -0.499728135765E-03
    62.54882812 -0.495902844705E-03
    62.61718750 -0.498932902701E-03
    62.68554688 -0.494981883094E-03
    62.75390625 -0.498179579154E-03
    62.82226562 -0.494532170705E-03
    62.89062500 -0.497857690789E-03
    62.95898438 -0.493997882586E-03
    63.02734375 -0.497035158332E-03
    63.09570312 -0.493044906761E-03
    63.16406250 -0.496147258673E-03
    63.23242188 -0.492217135616E-03
    63.30078125 -0.495319312904E-03
    63.36914062 -0.491323997267E-03
    63.43750000 -0.494487758260E-03
    63.50585938 -0.490585807711E-03
    63.57421875 -0.493777333759E-03
    63.64257812 -0.489930273034E-03
    63.71093750 -0.493348692544E-03
    63.77929688 -0.489776022732E-03
    63.84765625 -0.493309984449E-03
    63.91601562 -0.489565660246E-03
    63.98437500 -0.492880062666E-03
    64.05273438 -0.488995981868E-03
    64.12109375 -0.492310675327E-03
    64.18945312 -0.488511170261E-03
    64.25781250 -0.491945305839E-03
    64.32617188 -0.488192948978E-03
    64.39453125 -0.491587270517E-03
    64.46289062 -0.487724057166E-03
    64.53125000 -0.491095415782E-03
    64.59960938 -0.487223936943E-03
    64.66796875 -0.490531441756E-03
    64.73632812 -0.486548058689E-03
    64.80468750 -0.489860947710E-03
    64.87304688 -0.486022559926E-03
    64.94140625 -0.489599595312E-03
    65.00976562 -0.486066128360E-03
    65.07812500 -0.489763624500E-03
    65.14648438 -0.485953380121E-03
    65.21484375 -0.489412050229E-03
    65.28320312 -0.485657015815E-03
    65.35156250 -0.489287136588E-03
    65.41992188 -0.485579425003E-03
    65.48828125 -0.489182362799E-03
    65.55664062 -0.485403201310E-03
    65.62500000 -0.488946272526E-03
    65.69335938 -0.485007505631E-03
    65.76171875 -0.488401972689E-03
    65.83007812 -0.484517076984E-03
    65.89843750 -0.488247198518E-03
    65.96679688 -0.484581745695E-03
    66.03515625 -0.488314544782E-03
    66.10351562 -0.484562944621E-03
    66.17187500 -0.488145800773E-03
    66.24023438 -0.484249292640E-03
    66.30859375 -0.487861252623E-03
    66.37695312 -0.484104908537E-03
    66.44531250 -0.487934506964E-03
    66.51367188 -0.484318268718E-03
    66.58203125 -0.488136662170E-03
    66.65039062 -0.484419462737E-03
    66.71875000 -0.488233927172E-03
    66.78710938 -0.484504358610E-03
    66.85546875 -0.488299527206E-03
    66.92382812 -0.484532705741E-03
    66.99218750 -0.488321064040E-03
    67.06054688 -0.484621821670E-03
    67.12890625 -0.488496734761E-03
    67.19726562 -0.484758580569E-03
    67.26562500 -0.488560413942E-03
    67.33398438 -0.484755757498E-03
    67.40234375 -0.488579564262E-03
    67.47070312 -0.484797114041E-03
    67.53906250 -0.488629040774E-03
    67.60742188 -0.484905904159E-03
    67.67578125 -0.488822115585E-03
    67.74414062 -0.485028198455E-03
    67.81250000 -0.488777295686E-03
    67.88085938 -0.484704243718E-03
    67.94921875 -0.488294579554E-03
    68.01757812 -0.484475021949E-03
    68.08593750 -0.488600169774E-03
    68.15429688 -0.485036114696E-03
    68.22265625 -0.489083002321E-03
    68.29101562 -0.485347380163E-03
    68.35937500 -0.489334168378E-03
    68.42773438 -0.485550786834E-03
    68.49609375 -0.489518046379E-03
    68.56445312 -0.485737167764E-03
    68.63281250 -0.489754660521E-03
    68.70117188 -0.486022414407E-03
    68.76953125 -0.490031030495E-03
    68.83789062 -0.486131233629E-03
    68.90625000 -0.490016886033E-03
    68.97460938 -0.486133329105E-03
    69.04296875 -0.490149541292E-03
    69.11132812 -0.486334698508E-03
    69.17968750 -0.490378588438E-03
    69.24804688 -0.486523000291E-03
    69.31640625 -0.490549835376E-03
    69.38476562 -0.486718170578E-03
    69.45312500 -0.490829581395E-03
    69.52148438 -0.487064477056E-03
    69.58984375 -0.491155136842E-03
    69.65820312 -0.487371173222E-03
    69.72656250 -0.491531623993E-03
    69.79492188 -0.487722136313E-03
    69.86328125 -0.491774175316E-03
    69.93164062 -0.487849494675E-03
    70.00000000 -0.491867423989E-03
    70.06835938 -0.487886834890E-03
    70.13671875 -0.491906655952E-03
    70.20507812 -0.487970275572E-03
    70.27343750 -0.491985410918E-03
    70.34179688 -0.487888319185E-03
    70.41015625 -0.491830403917E-03
    70.47851562 -0.487713492475E-03
    70.54687500 -0.491632847115E-03
    70.61523438 -0.487526267534E-03
    70.68359375 -0.491497979965E-03
    70.75195312 -0.487468438223E-03
    70.82031250 -0.491575163323E-03
    70.88867188 -0.487562356284E-03
    70.95703125 -0.491581915412E-03
    71.02539062 -0.487486628117E-03
    71.09375000 -0.491520098876E-03
    71.16210938 -0.487370823976E-03
    71.23046875 -0.491404382046E-03
    71.29882812 -0.487316399813E-03
    71.36718750 -0.491389539093E-03
    71.43554688 -0.487284385599E-03
    71.50390625 -0.491313869134E-03
    71.57226562 -0.487171695568E-03
    71.64062500 -0.491239770781E-03
    71.70898438 -0.487071753014E-03
    71.77734375 -0.491134531330E-03
    71.84570312 -0.486929668114E-03
    71.91406250 -0.490980164614E-03
    71.98242188 -0.486806355184E-03
    72.05078125 -0.490878417622E-03
    72.11914062 -0.486733886646E-03
    72.18750000 -0.490902340971E-03
    72.25585938 -0.486805423861E-03
    72.32421875 -0.491026730742E-03
    72.39257812 -0.486980745336E-03
    72.46093750 -0.491246639285E-03
    72.52929688 -0.487167621031E-03
    72.59765625 -0.491459679324E-03
    72.66601562 -0.487378245452E-03
    72.73437500 -0.491594721097E-03
    72.80273438 -0.487450655783E-03
    72.87109375 -0.491727609187E-03
    72.93945312 -0.487602810608E-03
    73.00781250 -0.491807528306E-03
    73.07617188 -0.487564975629E-03
    73.14453125 -0.491761544254E-03
    73.21289062 -0.487531535327E-03
    73.28125000 -0.491694139782E-03
    73.34960938 -0.487380952109E-03
    73.41796875 -0.491527142003E-03
    73.48632812 -0.487236073241E-03
    73.55468750 -0.491426093504E-03
    73.62304688 -0.487138895551E-03
    73.69140625 -0.491435115691E-03
    73.75976562 -0.487302080728E-03
    73.82812500 -0.491640297696E-03
    73.89648438 -0.487360695843E-03
    73.96484375 -0.491618702654E-03
    74.03320312 -0.487319863169E-03
    74.10156250 -0.491560087539E-03
    74.16992188 -0.487273122417E-03
    74.23828125 -0.491515733302E-03
    74.30664062 -0.487222219817E-03
    74.37500000 -0.491543207318E-03
    74.44335938 -0.487222307129E-03
    74.51171875 -0.491518760100E-03
    74.58007812 -0.487165496452E-03
    74.64843750 -0.491462531500E-03
    74.71679688 -0.487072597025E-03
    74.78515625 -0.491341692396E-03
    74.85351562 -0.486946140882E-03
    74.92187500 -0.491244019940E-03
    74.99023438 -0.486874545459E-03
    75.05859375 -0.491178012453E-03
    75.12695312 -0.486761826323E-03
    75.19531250 -0.491076731123E-03
    75.26367188 -0.486674020067E-03
    75.33203125 -0.491017708555E-03
    75.40039062 -0.486601085868E-03
    75.46875000 -0.490925915074E-03
    75.53710938 -0.486494740471E-03
    75.60546875 -0.490926089697E-03
    75.67382812 -0.486553210067E-03
    75.74218750 -0.490897335112E-03
    75.81054688 -0.486363511300E-03
    75.87890625 -0.490637205075E-03
    75.94726562 -0.486096134409E-03
    76.01562500 -0.490426667966E-03
    76.08398438 -0.485907425173E-03
    76.15234375 -0.490218575578E-03
    76.22070312 -0.485625350848E-03
    76.28906250 -0.489941274282E-03
    76.35742188 -0.485373864649E-03
    76.42578125 -0.489733240101E-03
    76.49414062 -0.485177937662E-03
    76.56250000 -0.489562109578E-03
    76.63085938 -0.485065480461E-03
    76.69921875 -0.489590980578E-03
    76.76757812 -0.485136930365E-03
    76.83593750 -0.489601748995E-03
    76.90429688 -0.485076219775E-03
    76.97265625 -0.489547674078E-03
    77.04101562 -0.484999996843E-03
    77.10937500 -0.489460246172E-03
    77.17773438 -0.484911579406E-03
    77.24609375 -0.489337719046E-03
    77.31445312 -0.484678312205E-03
    77.38281250 -0.489069556352E-03
    77.45117188 -0.484429037897E-03
    77.51953125 -0.488910649437E-03
    77.58789062 -0.484263815451E-03
    77.65625000 -0.488697784021E-03
    77.72460938 -0.484049000079E-03
    77.79296875 -0.488575431518E-03
    77.86132812 -0.483976618852E-03
    77.92968750 -0.488552788738E-03
    77.99804688 -0.483965006424E-03
    78.06640625 -0.488553720061E-03
    78.13476562 -0.483959942358E-03
    78.20312500 -0.488580146339E-03
    78.27148438 -0.483997981064E-03
    78.33984375 -0.488674675580E-03
    78.40820312 -0.484072603285E-03
    78.47656250 -0.488637480885E-03
    78.54492188 -0.483884417918E-03
    78.61328125 -0.488410820253E-03
    78.68164062 -0.483637559228E-03
    78.75000000 -0.488224031869E-03
    78.81835938 -0.483468116727E-03
    78.88671875 -0.487957440782E-03
    78.95507812 -0.483143638121E-03
    79.02343750 -0.487583572976E-03
    79.09179688 -0.482764269691E-03
    79.16015625 -0.487340090331E-03
    79.22851562 -0.482561241370E-03
    79.29687500 -0.487083976623E-03
    79.36523438 -0.482231465867E-03
    79.43359375 -0.486830424052E-03
    79.50195312 -0.482072588056E-03
    79.57031250 -0.486675737193E-03
    79.63867188 -0.481921277242E-03
    79.70703125 -0.486632896354E-03
    79.77539062 -0.481874478282E-03
    79.84375000 -0.486546341563E-03
    79.91210938 -0.481793686049E-03
    79.98046875 -0.486514909426E-03
    80.04882812 -0.481733120978E-03
    80.11718750 -0.486404285766E-03
    80.18554688 -0.481606810354E-03
    80.25390625 -0.486355129397E-03
    80.32226562 -0.481650524307E-03
    80.39062500 -0.486430304591E-03
    80.45898438 -0.481646769913E-03
    80.52734375 -0.486430799356E-03
    80.59570312 -0.481666589621E-03
    80.66406250 -0.486502540298E-03
    80.73242188 -0.481796305394E-03
    80.80078125 -0.486706878291E-03
    80.86914062 -0.482031522552E-03
    80.93750000 -0.486944045406E-03
    81.00585938 -0.482256640680E-03
    81.07421875 -0.487215525936E-03
    81.14257812 -0.482530333102E-03
    81.21093750 -0.487532000989E-03
    81.27929688 -0.482879841002E-03
    81.34765625 -0.487877783598E-03
    81.41601562 -0.483177253045E-03
    81.48437500 -0.488113844767E-03
    81.55273438 -0.483275973238E-03
    81.62109375 -0.488102639792E-03
    81.68945312 -0.483200041344E-03
    81.75781250 -0.488068530103E-03
    81.82617188 -0.483146344777E-03
    81.89453125 -0.488002900966E-03
    81.96289062 -0.483081879793E-03
    82.03125000 -0.487886602059E-03
    82.09960938 -0.482971430756E-03
    82.16796875 -0.487854355015E-03
    82.23632812 -0.482989649754E-03
    82.30468750 -0.487912620883E-03
    82.37304688 -0.483004609123E-03
    82.44140625 -0.487960031023E-03
    82.50976562 -0.483126175823E-03
    82.57812500 -0.488142191898E-03
    82.64648438 -0.483217299916E-03
    82.71484375 -0.488170277094E-03
    82.78320312 -0.483281823108E-03
    82.85156250 -0.488269812195E-03
    82.91992188 -0.483345269458E-03
    82.98828125 -0.488295161631E-03
    83.05664062 -0.483282230562E-03
    83.12500000 -0.488206365844E-03
    83.19335938 -0.483217008878E-03
    83.26171875 -0.488180347020E-03
    83.33007812 -0.483184587210E-03
    83.39843750 -0.488117453642E-03
    83.46679688 -0.483075797092E-03
    83.53515625 -0.488048011903E-03
    83.60351562 -0.483043811982E-03
    83.67187500 -0.488069083076E-03
    83.74023438 -0.483049981995E-03
    83.80859375 -0.488119927468E-03
    83.87695312 -0.483113690279E-03
    83.94531250 -0.488165271236E-03
    84.01367188 -0.483183364850E-03
    84.08203125 -0.488303659949E-03
    84.15039062 -0.483338779304E-03
    84.21875000 -0.488410471007E-03
    84.28710938 -0.483287003590E-03
    84.35546875 -0.488349644002E-03
    84.42382812 -0.483351206640E-03
    84.49218750 -0.488423218485E-03
    84.56054688 -0.483332987642E-03
    84.62890625 -0.488450576086E-03
    84.69726562 -0.483322597574E-03
    84.76562500 -0.488467747346E-03
    84.83398438 -0.483352312585E-03
    84.90234375 -0.488437886816E-03
    84.97070312 -0.483362789964E-03
    85.03906250 -0.488471356221E-03
    85.10742188 -0.483465031721E-03
    85.17578125 -0.488666584715E-03
    85.24414062 -0.483632466057E-03
    85.31250000 -0.488890567794E-03
    85.38085938 -0.483926822199E-03
    85.44921875 -0.489185971674E-03
    85.51757812 -0.484100775793E-03
    85.58593750 -0.489370024297E-03
    85.65429688 -0.484332151245E-03
    85.72265625 -0.489564321470E-03
    85.79101562 -0.484451011289E-03
    85.85937500 -0.489673926495E-03
    85.92773438 -0.484532094561E-03
    85.99609375 -0.489735917654E-03
    86.06445312 -0.484570104163E-03
    86.13281250 -0.489797675982E-03
    86.20117188 -0.484655844048E-03
    86.26953125 -0.489919446409E-03
    86.33789062 -0.484756252263E-03
    86.40625000 -0.490080390591E-03
    86.47460938 -0.485012249555E-03
    86.54296875 -0.490375794470E-03
    86.61132812 -0.485318800202E-03
    86.67968750 -0.490717298817E-03
    86.74804688 -0.485774566187E-03
    86.81640625 -0.491174287163E-03
    86.88476562 -0.486165226903E-03
    86.95312500 -0.491506652907E-03
    87.02148438 -0.486311822897E-03
    87.08984375 -0.491791986860E-03
    87.15820312 -0.486528937472E-03
    87.22656250 -0.491850485560E-03
    87.29492188 -0.486697797896E-03
    87.36328125 -0.492019113153E-03
    87.43164062 -0.486707460368E-03
    87.50000000 -0.491987913847E-03
    87.56835938 -0.486737117171E-03
    87.63671875 -0.492026738357E-03
    87.70507812 -0.486675737193E-03
    87.77343750 -0.492024992127E-03
    87.84179688 -0.486735574668E-03
    87.91015625 -0.492063700221E-03
    87.97851562 -0.486816192279E-03
    88.04687500 -0.492276507430E-03
    88.11523438 -0.487041077577E-03
    88.18359375 -0.492501363624E-03
    88.25195312 -0.487309211167E-03
    88.32031250 -0.492826278787E-03
    88.38867188 -0.487662589876E-03
    88.45703125 -0.493200728670E-03
    88.52539062 -0.488024496008E-03
    88.59375000 -0.493604689837E-03
    88.66210938 -0.488410703838E-03
    88.73046875 -0.493965169881E-03
    88.79882812 -0.488753314130E-03
    88.86718750 -0.494342180900E-03
    88.93554688 -0.489192840178E-03
    89.00390625 -0.494765001349E-03
    89.07226562 -0.489546626341E-03
    89.14062500 -0.495093641803E-03
    89.20898438 -0.489897211082E-03
    89.27734375 -0.495516054798E-03
    89.34570312 -0.490403617732E-03
    89.41406250 -0.496081891470E-03
    89.48242188 -0.490872072987E-03
    89.55078125 -0.496561639011E-03
    89.61914062 -0.491447746754E-03
    89.68750000 -0.497148837894E-03
    89.75585938 -0.491926155519E-03
    89.82421875 -0.497595057823E-03
    89.89257812 -0.492403924000E-03
    89.96093750 -0.498089415487E-03
    90.02929688 -0.492815452162E-03
    90.09765625 -0.498358451296E-03
    90.16601562 -0.493022555020E-03
    90.23437500 -0.498525740113E-03
    90.30273438 -0.493077503052E-03
    90.37109375 -0.498534587678E-03
    90.43945312 -0.493050378282E-03
    90.50781250 -0.498566252645E-03
    90.57617188 -0.493040366564E-03
    90.64453125 -0.498502457049E-03
    90.71289062 -0.493070168886E-03
    90.78125000 -0.498649023939E-03
    90.84960938 -0.493217667099E-03
    90.91796875 -0.498808862176E-03
    90.98632812 -0.493361672852E-03
    91.05468750 -0.498970213812E-03
    91.12304688 -0.493602536153E-03
    91.19140625 -0.499301648233E-03
    91.25976562 -0.493918545544E-03
    91.32812500 -0.499610439874E-03
    91.39648438 -0.494175008498E-03
    91.46484375 -0.499792397022E-03
    91.53320312 -0.494299747515E-03
    91.60156250 -0.499883957673E-03
    91.66992188 -0.494372390676E-03
    91.73828125 -0.499994668644E-03
    91.80664062 -0.494439562317E-03
    91.87500000 -0.500031048432E-03
    91.94335938 -0.494529667776E-03
    92.01171875 -0.500112655573E-03
    92.08007812 -0.494642299600E-03
    92.14843750 -0.500313588418E-03
    92.21679688 -0.494823441841E-03
    92.28515625 -0.500495429151E-03
    92.35351562 -0.495051965117E-03
    92.42187500 -0.500822439790E-03
    92.49023438 -0.495386426337E-03
    92.55859375 -0.501149217598E-03
    92.62695312 -0.495725369547E-03
    92.69531250 -0.501534261275E-03
    92.76367188 -0.496140914038E-03
    92.83203125 -0.501960166730E-03
    92.90039062 -0.496453256346E-03
    92.96875000 -0.502234499436E-03
    93.03710938 -0.496721710078E-03
    93.10546875 -0.502531009261E-03
    93.17382812 -0.497042841744E-03
    93.24218750 -0.502828625031E-03
    93.31054688 -0.497298315167E-03
    93.37890625 -0.503081653733E-03
    93.44726562 -0.497622299008E-03
    93.51562500 -0.503449293319E-03
    93.58398438 -0.497932487633E-03
    93.65234375 -0.503788003698E-03
    93.72070312 -0.498332548887E-03
    93.78906250 -0.504269672092E-03
    93.85742188 -0.498808105476E-03
    93.92578125 -0.504729454406E-03
    93.99414062 -0.499282148667E-03
    94.06250000 -0.505217176396E-03
    94.13085938 -0.499762536492E-03
    94.19921875 -0.505670381244E-03
    94.26757812 -0.500206777360E-03
    94.33593750 -0.506030046381E-03
    94.40429688 -0.500519236084E-03
    94.47265625 -0.506569689605E-03
    94.54101562 -0.502409355249E-03
    94.60937500 -0.509084959049E-03
    94.67773438 -0.494708889164E-03
    94.74609375 -0.496329332236E-03
    94.81445312 -0.508065219037E-03
    94.88281250 -0.522100192029E-03
    94.95117188 -0.507279532030E-03
    95.01953125 -0.503608491272E-03
    95.08789062 -0.491305836476E-03
    95.15625000 -0.498971669003E-03
    95.22460938 -0.503528397530E-03
    95.29296875 -0.515109975822E-03
    95.36132812 -0.507876568008E-03
    95.42968750 -0.511147372890E-03
    95.49804688 -0.504077994265E-03
    95.56640625 -0.509399338625E-03
    95.63476562 -0.503055809531E-03
    95.70312500 -0.508473371156E-03
    95.77148438 -0.503333983943E-03
    95.83984375 -0.510344863869E-03
    95.90820312 -0.505398958921E-03
    95.97656250 -0.511265592650E-03
    96.04492188 -0.505242089275E-03
    96.11328125 -0.510675250553E-03
    96.18164062 -0.504766940139E-03
    96.25000000 -0.510530546308E-03
    96.31835938 -0.504886615090E-03
    96.38671875 -0.510783516802E-03
    96.45507812 -0.505105301272E-03
    96.52343750 -0.511033053044E-03
    96.59179688 -0.505388597958E-03
    96.66015625 -0.511318503413E-03
    96.72851562 -0.505720323417E-03
    96.79687500 -0.511683290824E-03
    96.86523438 -0.506075331941E-03
    96.93359375 -0.512071594130E-03
    97.00195312 -0.506473006681E-03
    97.07031250 -0.512525381055E-03
    97.13867188 -0.506916549057E-03
    97.20703125 -0.512955070008E-03
    97.27539062 -0.507407530677E-03
    97.34375000 -0.513372535352E-03
    97.41210938 -0.507699383888E-03
    97.48046875 -0.513673992828E-03
    97.54882812 -0.507974356879E-03
    97.61718750 -0.513858802151E-03
    97.68554688 -0.508162309416E-03
    97.75390625 -0.514145183843E-03
    97.82226562 -0.508504686877E-03
    97.89062500 -0.514473184012E-03
    97.95898438 -0.508860044647E-03
    98.02734375 -0.514988321811E-03
    98.09570312 -0.510000681970E-03
    98.16406250 -0.515521562193E-03
    98.23242188 -0.507447344717E-03
    98.30078125 -0.512795930263E-03
    98.36914062 -0.509853649419E-03
    98.43750000 -0.519446737599E-03
    98.50585938 -0.513092963956E-03
    98.57421875 -0.515959050972E-03
    98.64257812 -0.508491648361E-03
    98.71093750 -0.513905775733E-03
    98.77929688 -0.508274417371E-03
    98.84765625 -0.514810613822E-03
    98.91601562 -0.510431709699E-03
    98.98437500 -0.516974308994E-03
    99.05273438 -0.510473211762E-03
    99.12109375 -0.515561085194E-03
    99.18945312 -0.509320117999E-03
    99.25781250 -0.514882442076E-03
    99.32617188 -0.508233788423E-03
    99.39453125 -0.513573468197E-03
    99.46289062 -0.508891418576E-03
    99.53125000 -0.517111853696E-03
    99.59960938 -0.512260827236E-03
    99.66796875 -0.515434134286E-03
    99.73632812 -0.507187389303E-03
    99.80468750 -0.513107690495E-03
    99.87304688 -0.508074532263E-03
    99.94140625 -0.514639716130E-03
   100.00976562 -0.510025362018E-03
   100.07812500 -0.517169362865E-03
   100.14648438 -0.511218328029E-03
   100.21484375 -0.515927968081E-03
   100.28320312 -0.509661622345E-03
   100.35156250 -0.515941530466E-03
   100.41992188 -0.510216515977E-03
   100.48828125 -0.515177671332E-03
   100.55664062 -0.508024590090E-03
   100.62500000 -0.513221311849E-03
   100.69335938 -0.507837336045E-03
   100.76171875 -0.515004270710E-03
   100.83007812 -0.510461512022E-03
   100.89843750 -0.517208711244E-03
   100.96679688 -0.511481252033E-03
   101.03515625 -0.516937521752E-03
   101.10351562 -0.510691548698E-03
   101.17187500 -0.516202067956E-03
   101.24023438 -0.509817909915E-03
   101.30859375 -0.514852697961E-03
   101.37695312 -0.508907833137E-03
   101.44531250 -0.515927735250E-03
   101.51367188 -0.511013669893E-03
   101.58203125 -0.517154054251E-03
   101.65039062 -0.511432182975E-03
   101.71875000 -0.517218955792E-03
   101.78710938 -0.510936137289E-03
   101.85546875 -0.516173953656E-03
   101.92382812 -0.510147132445E-03
   101.99218750 -0.516190892085E-03
   102.06054688 -0.510556739755E-03
   102.12890625 -0.516595609952E-03
   102.19726562 -0.510722864419E-03
   102.26562500 -0.515835534316E-03
   102.33398438 -0.509891717229E-03
   102.40234375 -0.516563537531E-03
   102.47070312 -0.511781661771E-03
   102.53906250 -0.517297186889E-03
   102.60742188 -0.510402896907E-03
   102.67578125 -0.515766208991E-03
   102.74414062 -0.509929261170E-03
   102.81250000 -0.515809690114E-03
   102.88085938 -0.509965175297E-03
   102.94921875 -0.515919411555E-03
   103.01757812 -0.510455574840E-03
   103.08593750 -0.516341766343E-03
   103.15429688 -0.510418263730E-03
   103.22265625 -0.516090251040E-03
   103.29101562 -0.509537232574E-03
   103.35937500 -0.514356477652E-03
   103.42773438 -0.508266617544E-03
   103.49609375 -0.514250365086E-03
   103.56445312 -0.508757482748E-03
   103.63281250 -0.514603743795E-03
   103.70117188 -0.508816447109E-03
   103.76953125 -0.514481100254E-03
   103.83789062 -0.508803641424E-03
   103.90625000 -0.514734594617E-03
   103.97460938 -0.509043922648E-03
   104.04296875 -0.514190702233E-03
   104.11132812 -0.506864045747E-03
   104.17968750 -0.512092316058E-03
   104.24804688 -0.506831624079E-03
   104.31640625 -0.513236271217E-03
   104.38476562 -0.508224591613E-03
   104.45312500 -0.513324397616E-03
   104.52148438 -0.505583593622E-03
   104.58984375 -0.510222627781E-03
   104.65820312 -0.504882365931E-03
   104.72656250 -0.510756275617E-03
   104.79492188 -0.504689582158E-03
   104.86328125 -0.509891135152E-03
   104.93164062 -0.503866700456E-03
   105.00000000 -0.509536825120E-03
   105.06835938 -0.503492134158E-03
   105.13671875 -0.508310447913E-03
   105.20507812 -0.501651898958E-03
   105.27343750 -0.506542273797E-03
   105.34179688 -0.500599096995E-03
   105.41015625 -0.506390060764E-03
   105.47851562 -0.501093396451E-03
   105.54687500 -0.507104501594E-03
   105.61523438 -0.502164999489E-03
   105.68359375 -0.509430828970E-03
   105.75195312 -0.501926639117E-03
   105.82031250 -0.496941560414E-03
   105.88867188 -0.488395511638E-03
   105.95703125 -0.503769493662E-03
   106.02539062 -0.506539538037E-03
   106.09375000 -0.518050219398E-03
   106.16210938 -0.509640842211E-03
   106.23046875 -0.498297857121E-03
   106.29882812 -0.480579707073E-03
   106.36718750 -0.490549020469E-03
   106.43554688 -0.492473656777E-03
   106.50390625 -0.501809525304E-03
   106.57226562 -0.497202563565E-03
   106.64062500 -0.503553717863E-03
   106.70898438 -0.499201181810E-03
   106.77734375 -0.503647141159E-03
   106.84570312 -0.493757659569E-03
   106.91406250 -0.494909530971E-03
   106.98242188 -0.487392069772E-03
   107.05078125 -0.493894563988E-03
   107.11914062 -0.490947859362E-03
   107.18750000 -0.497744942550E-03
   107.25585938 -0.491302227601E-03
   107.32421875 -0.494919426274E-03
   107.39257812 -0.486487406306E-03
   107.46093750 -0.490104954224E-03
   107.52929688 -0.485464115627E-03
   107.59765625 -0.492107530590E-03
   107.66601562 -0.486098375404E-03
   107.73437500 -0.490457809065E-03
   107.80273438 -0.484214833705E-03
   107.87109375 -0.489382597152E-03
   107.93945312 -0.483392359456E-03
   108.00781250 -0.487764860736E-03
   108.07617188 -0.481035211124E-03
   108.14453125 -0.485575816128E-03
   108.21289062 -0.479422742501E-03
   108.28125000 -0.484397605760E-03
   108.34960938 -0.478760543047E-03
   108.41796875 -0.483976124087E-03
   108.48632812 -0.478310481412E-03
   108.55468750 -0.483321695356E-03
   108.62304688 -0.477445864817E-03
   108.69140625 -0.482165662106E-03
   108.75976562 -0.475977518363E-03
   108.82812500 -0.480362999951E-03
   108.89648438 -0.473969295854E-03
   108.96484375 -0.478558067698E-03
   109.03320312 -0.472679093946E-03
   109.10156250 -0.477753899759E-03
   109.16992188 -0.472366955364E-03
   109.23828125 -0.476902117953E-03
   109.30664062 -0.470010272693E-03
   109.37500000 -0.473150954349E-03
   109.44335938 -0.466069352115E-03
   109.51171875 -0.472257932415E-03
   109.58007812 -0.469368096674E-03
   109.64843750 -0.475063483464E-03
   109.71679688 -0.468935380923E-03
   109.78515625 -0.472760235425E-03
   109.85351562 -0.465730379801E-03
   109.92187500 -0.467643665615E-03
   109.99023438 -0.459337054053E-03
   110.05859375 -0.464783312054E-03
   110.12695312 -0.460895331344E-03
   110.19531250 -0.466318888357E-03
   110.26367188 -0.460874463897E-03
   110.33203125 -0.465175893623E-03
   110.40039062 -0.458919996163E-03
   110.46875000 -0.462492200313E-03
   110.53710938 -0.455650588265E-03
   110.60546875 -0.459539442090E-03
   110.67382812 -0.455218163552E-03
   110.74218750 -0.460853538243E-03
   110.81054688 -0.454306922620E-03
   110.87890625 -0.457165850094E-03
   110.94726562 -0.450296793133E-03
   111.01562500 -0.452547566965E-03
   111.08398438 -0.444148696261E-03
   111.15234375 -0.448200589744E-03
   111.22070312 -0.445938872872E-03
   111.28906250 -0.449276441941E-03
   111.35742188 -0.443286844529E-03
   111.42578125 -0.461590214400E-03
   111.49414062 -0.455898989458E-03
   111.56250000 -0.443411787273E-03
   111.63085938 -0.430812331615E-03
   111.69921875 -0.435970199760E-03
   111.76757812 -0.438493036199E-03
   111.83593750 -0.448622100521E-03
   111.90429688 -0.437877519289E-03
   111.97265625 -0.435208872659E-03
   112.04101562 -0.429234234616E-03
   112.10937500 -0.435495108832E-03
   112.17773438 -0.431997585110E-03
   112.24609375 -0.436666567111E-03
   112.31445312 -0.432476052083E-03
   112.38281250 -0.437298731413E-03
   112.45117188 -0.430522894021E-03
   112.51953125 -0.431589753134E-03
   112.58789062 -0.424282421591E-03
   112.65625000 -0.426716811489E-03
   112.72460938 -0.420739263063E-03
   112.79296875 -0.424855476012E-03
   112.86132812 -0.420662487159E-03
   112.92968750 -0.424612371717E-03
   112.99804688 -0.418266776251E-03
   113.06640625 -0.420908007072E-03
   113.13476562 -0.415531947510E-03
   113.20312500 -0.419163116021E-03
   113.27148438 -0.413808360463E-03
   113.33984375 -0.416527909692E-03
   113.40820312 -0.410271692090E-03
   113.47656250 -0.412716879509E-03
   113.54492188 -0.407382001868E-03
   113.61328125 -0.411190761952E-03
   113.68164062 -0.405893108109E-03
   113.75000000 -0.408711959608E-03
   113.81835938 -0.403111800551E-03
   113.88671875 -0.405816943385E-03
   113.95507812 -0.400011689635E-03
   114.02343750 -0.402816018322E-03
   114.09179688 -0.398269825382E-03
   114.16015625 -0.402027711971E-03
   114.22851562 -0.396954186726E-03
   114.29687500 -0.400152697694E-03
   114.36523438 -0.395434966777E-03
   114.43359375 -0.398138334276E-03
   114.50195312 -0.392369343899E-03
   114.57031250 -0.394575705286E-03
   114.63867188 -0.389132415876E-03
   114.70703125 -0.391673122067E-03
   114.77539062 -0.386203231756E-03
   114.84375000 -0.387512176530E-03
   114.91210938 -0.383358827094E-03
   114.98046875 -0.389942491893E-03
   115.04882812 -0.387003063224E-03
   115.11718750 -0.386456493288E-03
   115.18554688 -0.378457683837E-03
   115.25390625 -0.381361518521E-03
   115.32226562 -0.377510703402E-03
   115.39062500 -0.380631274311E-03
   115.45898438 -0.376804615371E-03
   115.52734375 -0.380865152692E-03
   115.59570312 -0.375432049623E-03
   115.66406250 -0.375793199055E-03
   115.73242188 -0.370259018382E-03
   115.80078125 -0.373258226318E-03
   115.86914062 -0.369587185560E-03
   115.93750000 -0.372121343389E-03
   116.00585938 -0.367372849723E-03
   116.07421875 -0.370949623175E-03
   116.14257812 -0.368649140000E-03
   116.21093750 -0.370954076061E-03
   116.27929688 -0.363304134225E-03
   116.34765625 -0.364136067219E-03
   116.41601562 -0.360916601494E-03
   116.48437500 -0.363613595255E-03
   116.55273438 -0.359911733540E-03
   116.62109375 -0.363169761840E-03
   116.68945312 -0.359475903679E-03
   116.75781250 -0.360416015610E-03
   116.82617188 -0.355412892532E-03
   116.89453125 -0.358258257620E-03
   116.96289062 -0.356011209078E-03
   117.03125000 -0.358091929229E-03
   117.09960938 -0.352555478457E-03
   117.16796875 -0.354256917490E-03
   117.23632812 -0.356301316060E-03
   117.30468750 -0.364211213309E-03
   117.37304688 -0.358433928341E-03
   117.44140625 -0.354805932147E-03
   117.50976562 -0.348221277818E-03
   117.57812500 -0.348816072801E-03
   117.64648438 -0.344831933035E-03
   117.71484375 -0.345497799572E-03
   117.78320312 -0.342421903042E-03
   117.85156250 -0.348659435986E-03
   117.91992188 -0.351532420609E-03
   117.98828125 -0.357055658242E-03
   118.05664062 -0.353441922925E-03
   118.12500000 -0.352531060344E-03
   118.19335938 -0.347557914210E-03
   118.26171875 -0.348167552147E-03
   118.33007812 -0.345210195519E-03
   118.39843750 -0.347856577719E-03
   118.46679688 -0.346531829564E-03
   118.53515625 -0.347760214936E-03
   118.60351562 -0.343609746778E-03
   118.67187500 -0.345156178810E-03
   118.74023438 -0.343835155945E-03
   118.80859375 -0.346669403370E-03
   118.87695312 -0.345036562067E-03
   118.94531250 -0.347440131009E-03
   119.01367188 -0.347535853507E-03
   119.08203125 -0.351232360117E-03
   119.15039062 -0.349093315890E-03
   119.21875000 -0.349349604221E-03
   119.28710938 -0.347022403730E-03
   119.35546875 -0.348619912984E-03
   119.42382812 -0.347401975887E-03
   119.49218750 -0.349783746060E-03
   119.56054688 -0.349174370058E-03
   119.62890625 -0.351478607627E-03
   119.69726562 -0.350881455233E-03
   119.76562500 -0.353319308488E-03
   119.83398438 -0.353228941094E-03
   119.90234375 -0.355580676114E-03
   119.97070312 -0.356167525752E-03
   120.03906250 -0.359484954970E-03
   120.10742188 -0.359688332537E-03
   120.17578125 -0.361833430361E-03
   120.24414062 -0.361931568477E-03
   120.31250000 -0.364252715372E-03
   120.38085938 -0.364647421520E-03
   120.44921875 -0.366949330783E-03
   120.51757812 -0.367558066500E-03
   120.58593750 -0.370424182620E-03
   120.65429688 -0.372209004126E-03
   120.72265625 -0.374895345885E-03
   120.79101562 -0.377441872843E-03
   120.85937500 -0.382275553420E-03
   120.92773438 -0.385639985325E-03
   120.99609375 -0.389492895920E-03
   121.06445312 -0.390020897612E-03
   121.13281250 -0.390947621781E-03
   121.20117188 -0.393754628021E-03
   121.26953125 -0.398074131226E-03
   121.33789062 -0.401001772843E-03
   121.40625000 -0.404414284276E-03
   121.47460938 -0.408352672821E-03
   121.54296875 -0.412660563597E-03
   121.61132812 -0.416485359892E-03
   121.67968750 -0.421198550612E-03
   121.74804688 -0.427132326877E-03
   121.81640625 -0.431927212048E-03
   121.88476562 -0.436544156400E-03
   121.95312500 -0.441063923063E-03
   122.02148438 -0.446800375357E-03
   122.08984375 -0.452528707683E-03
   122.15820312 -0.458418187918E-03
   122.22656250 -0.461430405267E-03
   122.29492188 -0.465316959890E-03
   122.36328125 -0.468634272693E-03
   122.43164062 -0.472367304610E-03
   122.50000000 -0.483384035761E-03
   122.56835938 -0.504547671881E-03
   122.63671875 -0.514381215908E-03
   122.70507812 -0.518400222063E-03
   122.77343750 -0.513196864631E-03
   122.84179688 -0.511110993102E-03
   122.91015625 -0.525398994796E-03
   122.97851562 -0.548745505512E-03
   123.04687500 -0.557579798624E-03
   123.11523438 -0.563720008358E-03
   123.18359375 -0.568249321077E-03
   123.25195312 -0.578775070608E-03
   123.32031250 -0.584821624216E-03
   123.38867188 -0.592565746047E-03
   123.45703125 -0.599883322138E-03
   123.52539062 -0.616609351709E-03
   123.59375000 -0.630776805338E-03
   123.66210938 -0.647076347377E-03
   123.73046875 -0.658150122035E-03
   123.79882812 -0.670724606607E-03
   123.86718750 -0.676256895531E-03
   123.93554688 -0.687548832502E-03
   124.00390625 -0.696932489518E-03
   124.07226562 -0.713519810233E-03
   124.14062500 -0.725567399058E-03
   124.20898438 -0.741259369534E-03
   124.27734375 -0.750627776142E-03
   124.34570312 -0.767609744798E-03
   124.41406250 -0.779593188781E-03
   124.48242188 -0.797702057753E-03
   124.55078125 -0.808989047073E-03
   124.61914062 -0.826526840683E-03
   124.68750000 -0.838125764858E-03
   124.75585938 -0.856885511894E-03
   124.82421875 -0.869044684805E-03
   124.89257812 -0.888001988642E-03
   124.96093750 -0.899313658010E-03
   125.02929688 -0.917970319279E-03
   125.09765625 -0.928904104512E-03
   125.16601562 -0.947330554482E-03
   125.23437500 -0.959052471444E-03
   125.30273438 -0.979040050879E-03
   125.37109375 -0.990031985566E-03
   125.43945312 -0.100925774314E-02
   125.50781250 -0.102035398595E-02
   125.57617188 -0.104074447881E-02
   125.64453125 -0.105205457658E-02
   125.71289062 -0.107115937863E-02
   125.78125000 -0.108014023863E-02
   125.84960938 -0.109770975541E-02
   125.91796875 -0.110469362698E-02
   125.98632812 -0.112164171878E-02
   126.05468750 -0.112896051724E-02
   126.12304688 -0.114839884918E-02
   126.19140625 -0.115590903442E-02
   126.25976562 -0.117118947674E-02
   126.32812500 -0.117427483201E-02
   126.39648438 -0.118831160944E-02
   126.46484375 -0.119069125503E-02
   126.53320312 -0.120472162962E-02
   126.60156250 -0.120924203657E-02
   126.66992188 -0.122527871281E-02
   126.73828125 -0.122628710233E-02
   126.80664062 -0.123863364570E-02
   126.87500000 -0.123604456894E-02
   126.94335938 -0.124542042613E-02
   127.01171875 -0.124238338321E-02
   127.08007812 -0.125264981762E-02
   127.14843750 -0.124756596051E-02
   127.21679688 -0.125655776355E-02
   127.28515625 -0.125404342543E-02
   127.35351562 -0.126401602756E-02
   127.42187500 -0.125530245714E-02
   127.49023438 -0.126062019262E-02
   127.55859375 -0.125154934358E-02
   127.62695312 -0.125728163403E-02
   127.69531250 -0.124784547370E-02
   127.76367188 -0.125671236310E-02
   127.83203125 -0.124834431335E-02
   127.90039062 -0.125120044686E-02
   127.96875000 -0.123517960310E-02
   128.03710938 -0.123751873616E-02
   128.10546875 -0.122415821534E-02
   128.17382812 -0.122801121324E-02
   128.24218750 -0.121317070443E-02
   128.31054688 -0.121541728731E-02
   128.37890625 -0.119958445430E-02
   128.44726562 -0.120308971964E-02
   128.51562500 -0.118827435654E-02
   128.58398438 -0.119097915012E-02
   128.65234375 -0.117390102241E-02
   128.72070312 -0.117600616068E-02
   128.78906250 -0.115507992450E-02
   128.85742188 -0.115115696099E-02
   128.92578125 -0.112620124128E-02
   128.99414062 -0.112351553980E-02
   129.06250000 -0.110183912329E-02
   129.13085938 -0.110365077853E-02
   129.19921875 -0.108513876330E-02
   129.26757812 -0.108865275979E-02
   129.33593750 -0.106760812923E-02
   129.40429688 -0.106734759174E-02
   129.47265625 -0.104213668965E-02
   129.54101562 -0.103845226113E-02
   129.60937500 -0.101231713779E-02
   129.67773438 -0.101085309871E-02
   129.74609375 -0.984473968856E-03
   129.81445312 -0.982492463663E-03
   129.88281250 -0.954192481004E-03
   129.95117188 -0.951037276536E-03
   130.01953125 -0.923393876292E-03
   130.08789062 -0.921643222682E-03
   130.15625000 -0.893855991308E-03
   130.22460938 -0.893072807230E-03
   130.29296875 -0.865400594193E-03
   130.36132812 -0.864344765432E-03
   130.42968750 -0.834151986055E-03
   130.49804688 -0.830796954688E-03
   130.56640625 -0.799484027084E-03
   130.63476562 -0.797202927060E-03
   130.70312500 -0.765670090914E-03
   130.77148438 -0.762968033087E-03
   130.83984375 -0.730494153686E-03
   130.90820312 -0.729170453269E-03
   130.97656250 -0.695229857229E-03
   131.04492188 -0.691239954904E-03
   131.11328125 -0.656946795061E-03
   131.18164062 -0.655217561871E-03
   131.25000000 -0.621446757577E-03
   131.31835938 -0.620383652858E-03
   131.38671875 -0.586482579820E-03
   131.45507812 -0.584130873904E-03
   131.52343750 -0.549448654056E-03
   131.59179688 -0.549146672711E-03
   131.66015625 -0.511226360686E-03
   131.72851562 -0.507512304466E-03
   131.79687500 -0.468975107651E-03
   131.86523438 -0.466699595563E-03
   131.93359375 -0.427825667430E-03
   132.00195312 -0.425882899435E-03
   132.07031250 -0.387283071177E-03
   132.13867188 -0.386469793739E-03
   132.20703125 -0.346205401001E-03
   132.27539062 -0.345265551005E-03
   132.34375000 -0.305683643091E-03
   132.41210938 -0.304851680994E-03
   132.48046875 -0.263627007371E-03
   132.54882812 -0.262362882495E-03
   132.61718750 -0.220965564949E-03
   132.68554688 -0.220671397983E-03
   132.75390625 -0.177221954800E-03
   132.82226562 -0.174799264641E-03
   132.89062500 -0.130230822833E-03
   132.95898438 -0.130950982566E-03
   133.02734375 -0.874472607393E-04
   133.09570312 -0.875835175975E-04
   133.16406250 -0.434555076936E-04
   133.23242188 -0.453012180515E-04
   133.30078125  0.557966188808E-06
   133.36914062  0.149985260123E-05
   133.43750000  0.481572424178E-04
   133.50585938  0.466345627501E-04
   133.57421875  0.936725555221E-04
   133.64257812  0.932144830585E-04
   133.71093750  0.141683893162E-03
   133.77929688  0.140216783620E-03
   133.84765625  0.187451398233E-03
   133.91601562  0.186524339369E-03
   133.98437500  0.239431450609E-03
   134.05273438  0.237193889916E-03
   134.12109375  0.286499562208E-03
   134.18945312  0.281813263427E-03
   134.25781250  0.331600342179E-03
   134.32617188  0.325306726154E-03
   134.39453125  0.371448724763E-03
   134.46289062  0.365451531252E-03
   134.53125000  0.423010758823E-03
   134.59960938  0.427445251262E-03
   134.66796875  0.485345401103E-03
   134.73632812  0.480613496620E-03
   134.80468750  0.533304526471E-03
   134.87304688  0.524880655576E-03
   134.94140625  0.577514467295E-03
   135.00976562  0.571239565033E-03
   135.07812500  0.628850015346E-03
   135.14648438  0.622970575932E-03
   135.21484375  0.678629614413E-03
   135.28320312  0.669939792715E-03
   135.35156250  0.727336097043E-03
   135.41992188  0.722155731637E-03
   135.48828125  0.782922434155E-03
   135.55664062  0.775548454840E-03
   135.62500000  0.834884005599E-03
   135.69335938  0.827484705951E-03
   135.76171875  0.890328956302E-03
   135.83007812  0.882285181433E-03
   135.89843750  0.943723542150E-03
   135.96679688  0.933368923143E-03
   136.03515625  0.995398615487E-03
   136.10351562  0.984766753390E-03
   136.17187500  0.104686559644E-02
   136.24023438  0.103442824911E-02
   136.30859375  0.109919463284E-02
   136.37695312  0.108855089638E-02
   136.44531250  0.115545804147E-02
   136.51367188  0.114316656254E-02
   136.58203125  0.120996253099E-02
   136.65039062  0.119720643852E-02
   136.71875000  0.126481358893E-02
   136.78710938  0.125098903663E-02
   136.85546875  0.131984951440E-02
   136.92382812  0.130492786411E-02
   136.99218750  0.137536716647E-02
   137.06054688  0.136028823908E-02
   137.12890625  0.143076980021E-02
   137.19726562  0.141337525565E-02
   137.26562500  0.148481375072E-02
   137.33398438  0.146693503484E-02
   137.40234375  0.154035619926E-02
   137.47070312  0.152343627997E-02
   137.53906250  0.159884185996E-02
   137.60742188  0.158169819042E-02
   137.67578125  0.166087364778E-02
   137.74414062  0.164189550560E-02
   137.81250000  0.171777862124E-02
   137.88085938  0.169629789889E-02
   137.94921875  0.177326973062E-02
   138.01757812  0.174998317380E-02
   138.08593750  0.182872905862E-02
   138.15429688  0.180699059274E-02
   138.22265625  0.188780075405E-02
   138.29101562  0.186408101581E-02
   138.35937500  0.194692309014E-02
   138.42773438  0.192331860308E-02
   138.49609375  0.200725975446E-02
   138.56445312  0.198100972921E-02
   138.63281250  0.206540827639E-02
   138.70117188  0.203958526254E-02
   138.76953125  0.212821410969E-02
   138.83789062  0.210229028016E-02
   138.90625000  0.218915636651E-02
   138.97460938  0.215777615085E-02
   139.04296875  0.224782247096E-02
   139.11132812  0.221729814075E-02
   139.17968750  0.230822502635E-02
   139.24804688  0.227672746405E-02
   139.31640625  0.236976472661E-02
   139.38476562  0.233616679907E-02
   139.45312500  0.243198615499E-02
   139.52148438  0.240245950408E-02
   139.58984375  0.250147120096E-02
   139.65820312  0.246459478512E-02
   139.72656250  0.255983625539E-02
   139.79492188  0.252014049329E-02
   139.86328125  0.261775730178E-02
   139.93164062  0.257762265392E-02
